0 Kepler Plane 1 sat 1
1 99859U          20001.00000000  .00015063  00000-0  14589-2 0 00009
2 99859 097.7532   0.0000 0006678 083.0376   0.0000 14.99917647000000
0 Kepler Plane 1 sat 2
1 99860U          20001.00000000  .00015063  00000-0  14589-2 0 00009
2 99860 097.7532   0.0000 0006678 083.0376  18.0000 14.99917647000000
0 Kepler Plane 1 sat 3
1 99861U          20001.00000000  .00015063  00000-0  14589-2 0 00009
2 99861 097.7532   0.0000 0006678 083.0376  36.0000 14.99917647000000
0 Kepler Plane 1 sat 4
1 99862U          20001.00000000  .00015063  00000-0  14589-2 0 00009
2 99862 097.7532   0.0000 0006678 083.0376  54.0000 14.99917647000000
0 Kepler Plane 1 sat 5
1 99863U          20001.00000000  .00015063  00000-0  14589-2 0 00009
2 99863 097.7532   0.0000 0006678 083.0376  72.0000 14.99917647000000
0 Kepler Plane 1 sat 6
1 99864U          20001.00000000  .00015063  00000-0  14589-2 0 00009
2 99864 097.7532   0.0000 0006678 083.0376  90.0000 14.99917647000000
0 Kepler Plane 1 sat 7
1 99865U          20001.00000000  .00015063  00000-0  14589-2 0 00009
2 99865 097.7532   0.0000 0006678 083.0376 108.0000 14.99917647000000
0 Kepler Plane 1 sat 8
1 99866U          20001.00000000  .00015063  00000-0  14589-2 0 00009
2 99866 097.7532   0.0000 0006678 083.0376 126.0000 14.99917647000000
0 Kepler Plane 1 sat 9
1 99867U          20001.00000000  .00015063  00000-0  14589-2 0 00009
2 99867 097.7532   0.0000 0006678 083.0376 144.0000 14.99917647000000
0 Kepler Plane 1 sat 10
1 99868U          20001.00000000  .00015063  00000-0  14589-2 0 00009
2 99868 097.7532   0.0000 0006678 083.0376 162.0000 14.99917647000000
0 Kepler Plane 1 sat 11
1 99869U          20001.00000000  .00015063  00000-0  14589-2 0 00009
2 99869 097.7532   0.0000 0006678 083.0376 180.0000 14.99917647000000
0 Kepler Plane 1 sat 12
1 99870U          20001.00000000  .00015063  00000-0  14589-2 0 00009
2 99870 097.7532   0.0000 0006678 083.0376 198.0000 14.99917647000000
0 Kepler Plane 1 sat 13
1 99871U          20001.00000000  .00015063  00000-0  14589-2 0 00009
2 99871 097.7532   0.0000 0006678 083.0376 216.0000 14.99917647000000
0 Kepler Plane 1 sat 14
1 99872U          20001.00000000  .00015063  00000-0  14589-2 0 00009
2 99872 097.7532   0.0000 0006678 083.0376 234.0000 14.99917647000000
0 Kepler Plane 1 sat 15
1 99873U          20001.00000000  .00015063  00000-0  14589-2 0 00009
2 99873 097.7532   0.0000 0006678 083.0376 252.0000 14.99917647000000
0 Kepler Plane 1 sat 16
1 99874U          20001.00000000  .00015063  00000-0  14589-2 0 00009
2 99874 097.7532   0.0000 0006678 083.0376 270.0000 14.99917647000000
0 Kepler Plane 1 sat 17
1 99875U          20001.00000000  .00015063  00000-0  14589-2 0 00009
2 99875 097.7532   0.0000 0006678 083.0376 288.0000 14.99917647000000
0 Kepler Plane 1 sat 18
1 99876U          20001.00000000  .00015063  00000-0  14589-2 0 00009
2 99876 097.7532   0.0000 0006678 083.0376 306.0000 14.99917647000000
0 Kepler Plane 1 sat 19
1 99877U          20001.00000000  .00015063  00000-0  14589-2 0 00009
2 99877 097.7532   0.0000 0006678 083.0376 324.0000 14.99917647000000
0 Kepler Plane 1 sat 20
1 99878U          20001.00000000  .00015063  00000-0  14589-2 0 00009
2 99878 097.7532   0.0000 0006678 083.0376 342.0000 14.99917647000000
0 Kepler Plane 2 sat 1
1 99879U          20001.00000000  .00015063  00000-0  14589-2 0 00009
2 99879 097.7532  51.4000 0006678 083.0376   3.0000 14.99917647000000
0 Kepler Plane 2 sat 2
1 99880U          20001.00000000  .00015063  00000-0  14589-2 0 00009
2 99880 097.7532  51.4000 0006678 083.0376  21.0000 14.99917647000000
0 Kepler Plane 2 sat 3
1 99881U          20001.00000000  .00015063  00000-0  14589-2 0 00009
2 99881 097.7532  51.4000 0006678 083.0376  39.0000 14.99917647000000
0 Kepler Plane 2 sat 4
1 99882U          20001.00000000  .00015063  00000-0  14589-2 0 00009
2 99882 097.7532  51.4000 0006678 083.0376  57.0000 14.99917647000000
0 Kepler Plane 2 sat 5
1 99883U          20001.00000000  .00015063  00000-0  14589-2 0 00009
2 99883 097.7532  51.4000 0006678 083.0376  75.0000 14.99917647000000
0 Kepler Plane 2 sat 6
1 99884U          20001.00000000  .00015063  00000-0  14589-2 0 00009
2 99884 097.7532  51.4000 0006678 083.0376  93.0000 14.99917647000000
0 Kepler Plane 2 sat 7
1 99885U          20001.00000000  .00015063  00000-0  14589-2 0 00009
2 99885 097.7532  51.4000 0006678 083.0376 111.0000 14.99917647000000
0 Kepler Plane 2 sat 8
1 99886U          20001.00000000  .00015063  00000-0  14589-2 0 00009
2 99886 097.7532  51.4000 0006678 083.0376 129.0000 14.99917647000000
0 Kepler Plane 2 sat 9
1 99887U          20001.00000000  .00015063  00000-0  14589-2 0 00009
2 99887 097.7532  51.4000 0006678 083.0376 147.0000 14.99917647000000
0 Kepler Plane 2 sat 10
1 99888U          20001.00000000  .00015063  00000-0  14589-2 0 00009
2 99888 097.7532  51.4000 0006678 083.0376 165.0000 14.99917647000000
0 Kepler Plane 2 sat 11
1 99889U          20001.00000000  .00015063  00000-0  14589-2 0 00009
2 99889 097.7532  51.4000 0006678 083.0376 183.0000 14.99917647000000
0 Kepler Plane 2 sat 12
1 99890U          20001.00000000  .00015063  00000-0  14589-2 0 00009
2 99890 097.7532  51.4000 0006678 083.0376 201.0000 14.99917647000000
0 Kepler Plane 2 sat 13
1 99891U          20001.00000000  .00015063  00000-0  14589-2 0 00009
2 99891 097.7532  51.4000 0006678 083.0376 219.0000 14.99917647000000
0 Kepler Plane 2 sat 14
1 99892U          20001.00000000  .00015063  00000-0  14589-2 0 00009
2 99892 097.7532  51.4000 0006678 083.0376 237.0000 14.99917647000000
0 Kepler Plane 2 sat 15
1 99893U          20001.00000000  .00015063  00000-0  14589-2 0 00009
2 99893 097.7532  51.4000 0006678 083.0376 255.0000 14.99917647000000
0 Kepler Plane 2 sat 16
1 99894U          20001.00000000  .00015063  00000-0  14589-2 0 00009
2 99894 097.7532  51.4000 0006678 083.0376 273.0000 14.99917647000000
0 Kepler Plane 2 sat 17
1 99895U          20001.00000000  .00015063  00000-0  14589-2 0 00009
2 99895 097.7532  51.4000 0006678 083.0376 291.0000 14.99917647000000
0 Kepler Plane 2 sat 18
1 99896U          20001.00000000  .00015063  00000-0  14589-2 0 00009
2 99896 097.7532  51.4000 0006678 083.0376 309.0000 14.99917647000000
0 Kepler Plane 2 sat 19
1 99897U          20001.00000000  .00015063  00000-0  14589-2 0 00009
2 99897 097.7532  51.4000 0006678 083.0376 327.0000 14.99917647000000
0 Kepler Plane 2 sat 20
1 99898U          20001.00000000  .00015063  00000-0  14589-2 0 00009
2 99898 097.7532  51.4000 0006678 083.0376 345.0000 14.99917647000000
0 Kepler Plane 3 sat 1
1 99899U          20001.00000000  .00015063  00000-0  14589-2 0 00009
2 99899 097.7532 102.9000 0006678 083.0376   6.0000 14.99917647000000
0 Kepler Plane 3 sat 2
1 99900U          20001.00000000  .00015063  00000-0  14589-2 0 00009
2 99900 097.7532 102.9000 0006678 083.0376  24.0000 14.99917647000000
0 Kepler Plane 3 sat 3
1 99901U          20001.00000000  .00015063  00000-0  14589-2 0 00009
2 99901 097.7532 102.9000 0006678 083.0376  42.0000 14.99917647000000
0 Kepler Plane 3 sat 4
1 99902U          20001.00000000  .00015063  00000-0  14589-2 0 00009
2 99902 097.7532 102.9000 0006678 083.0376  60.0000 14.99917647000000
0 Kepler Plane 3 sat 5
1 99903U          20001.00000000  .00015063  00000-0  14589-2 0 00009
2 99903 097.7532 102.9000 0006678 083.0376  78.0000 14.99917647000000
0 Kepler Plane 3 sat 6
1 99904U          20001.00000000  .00015063  00000-0  14589-2 0 00009
2 99904 097.7532 102.9000 0006678 083.0376  96.0000 14.99917647000000
0 Kepler Plane 3 sat 7
1 99905U          20001.00000000  .00015063  00000-0  14589-2 0 00009
2 99905 097.7532 102.9000 0006678 083.0376 114.0000 14.99917647000000
0 Kepler Plane 3 sat 8
1 99906U          20001.00000000  .00015063  00000-0  14589-2 0 00009
2 99906 097.7532 102.9000 0006678 083.0376 132.0000 14.99917647000000
0 Kepler Plane 3 sat 9
1 99907U          20001.00000000  .00015063  00000-0  14589-2 0 00009
2 99907 097.7532 102.9000 0006678 083.0376 150.0000 14.99917647000000
0 Kepler Plane 3 sat 10
1 99908U          20001.00000000  .00015063  00000-0  14589-2 0 00009
2 99908 097.7532 102.9000 0006678 083.0376 168.0000 14.99917647000000
0 Kepler Plane 3 sat 11
1 99909U          20001.00000000  .00015063  00000-0  14589-2 0 00009
2 99909 097.7532 102.9000 0006678 083.0376 186.0000 14.99917647000000
0 Kepler Plane 3 sat 12
1 99910U          20001.00000000  .00015063  00000-0  14589-2 0 00009
2 99910 097.7532 102.9000 0006678 083.0376 204.0000 14.99917647000000
0 Kepler Plane 3 sat 13
1 99911U          20001.00000000  .00015063  00000-0  14589-2 0 00009
2 99911 097.7532 102.9000 0006678 083.0376 222.0000 14.99917647000000
0 Kepler Plane 3 sat 14
1 99912U          20001.00000000  .00015063  00000-0  14589-2 0 00009
2 99912 097.7532 102.9000 0006678 083.0376 240.0000 14.99917647000000
0 Kepler Plane 3 sat 15
1 99913U          20001.00000000  .00015063  00000-0  14589-2 0 00009
2 99913 097.7532 102.9000 0006678 083.0376 258.0000 14.99917647000000
0 Kepler Plane 3 sat 16
1 99914U          20001.00000000  .00015063  00000-0  14589-2 0 00009
2 99914 097.7532 102.9000 0006678 083.0376 276.0000 14.99917647000000
0 Kepler Plane 3 sat 17
1 99915U          20001.00000000  .00015063  00000-0  14589-2 0 00009
2 99915 097.7532 102.9000 0006678 083.0376 294.0000 14.99917647000000
0 Kepler Plane 3 sat 18
1 99916U          20001.00000000  .00015063  00000-0  14589-2 0 00009
2 99916 097.7532 102.9000 0006678 083.0376 312.0000 14.99917647000000
0 Kepler Plane 3 sat 19
1 99917U          20001.00000000  .00015063  00000-0  14589-2 0 00009
2 99917 097.7532 102.9000 0006678 083.0376 330.0000 14.99917647000000
0 Kepler Plane 3 sat 20
1 99918U          20001.00000000  .00015063  00000-0  14589-2 0 00009
2 99918 097.7532 102.9000 0006678 083.0376 348.0000 14.99917647000000
0 Kepler Plane 4 sat 1
1 99919U          20001.00000000  .00015063  00000-0  14589-2 0 00009
2 99919 097.7532 154.3000 0006678 083.0376   9.0000 14.99917647000000
0 Kepler Plane 4 sat 2
1 99920U          20001.00000000  .00015063  00000-0  14589-2 0 00009
2 99920 097.7532 154.3000 0006678 083.0376  27.0000 14.99917647000000
0 Kepler Plane 4 sat 3
1 99921U          20001.00000000  .00015063  00000-0  14589-2 0 00009
2 99921 097.7532 154.3000 0006678 083.0376  45.0000 14.99917647000000
0 Kepler Plane 4 sat 4
1 99922U          20001.00000000  .00015063  00000-0  14589-2 0 00009
2 99922 097.7532 154.3000 0006678 083.0376  63.0000 14.99917647000000
0 Kepler Plane 4 sat 5
1 99923U          20001.00000000  .00015063  00000-0  14589-2 0 00009
2 99923 097.7532 154.3000 0006678 083.0376  81.0000 14.99917647000000
0 Kepler Plane 4 sat 6
1 99924U          20001.00000000  .00015063  00000-0  14589-2 0 00009
2 99924 097.7532 154.3000 0006678 083.0376  99.0000 14.99917647000000
0 Kepler Plane 4 sat 7
1 99925U          20001.00000000  .00015063  00000-0  14589-2 0 00009
2 99925 097.7532 154.3000 0006678 083.0376 117.0000 14.99917647000000
0 Kepler Plane 4 sat 8
1 99926U          20001.00000000  .00015063  00000-0  14589-2 0 00009
2 99926 097.7532 154.3000 0006678 083.0376 135.0000 14.99917647000000
0 Kepler Plane 4 sat 9
1 99927U          20001.00000000  .00015063  00000-0  14589-2 0 00009
2 99927 097.7532 154.3000 0006678 083.0376 153.0000 14.99917647000000
0 Kepler Plane 4 sat 10
1 99928U          20001.00000000  .00015063  00000-0  14589-2 0 00009
2 99928 097.7532 154.3000 0006678 083.0376 171.0000 14.99917647000000
0 Kepler Plane 4 sat 11
1 99929U          20001.00000000  .00015063  00000-0  14589-2 0 00009
2 99929 097.7532 154.3000 0006678 083.0376 189.0000 14.99917647000000
0 Kepler Plane 4 sat 12
1 99930U          20001.00000000  .00015063  00000-0  14589-2 0 00009
2 99930 097.7532 154.3000 0006678 083.0376 207.0000 14.99917647000000
0 Kepler Plane 4 sat 13
1 99931U          20001.00000000  .00015063  00000-0  14589-2 0 00009
2 99931 097.7532 154.3000 0006678 083.0376 225.0000 14.99917647000000
0 Kepler Plane 4 sat 14
1 99932U          20001.00000000  .00015063  00000-0  14589-2 0 00009
2 99932 097.7532 154.3000 0006678 083.0376 243.0000 14.99917647000000
0 Kepler Plane 4 sat 15
1 99933U          20001.00000000  .00015063  00000-0  14589-2 0 00009
2 99933 097.7532 154.3000 0006678 083.0376 261.0000 14.99917647000000
0 Kepler Plane 4 sat 16
1 99934U          20001.00000000  .00015063  00000-0  14589-2 0 00009
2 99934 097.7532 154.3000 0006678 083.0376 279.0000 14.99917647000000
0 Kepler Plane 4 sat 17
1 99935U          20001.00000000  .00015063  00000-0  14589-2 0 00009
2 99935 097.7532 154.3000 0006678 083.0376 297.0000 14.99917647000000
0 Kepler Plane 4 sat 18
1 99936U          20001.00000000  .00015063  00000-0  14589-2 0 00009
2 99936 097.7532 154.3000 0006678 083.0376 315.0000 14.99917647000000
0 Kepler Plane 4 sat 19
1 99937U          20001.00000000  .00015063  00000-0  14589-2 0 00009
2 99937 097.7532 154.3000 0006678 083.0376 333.0000 14.99917647000000
0 Kepler Plane 4 sat 20
1 99938U          20001.00000000  .00015063  00000-0  14589-2 0 00009
2 99938 097.7532 154.3000 0006678 083.0376 351.0000 14.99917647000000
0 Kepler Plane 5 sat 1
1 99939U          20001.00000000  .00015063  00000-0  14589-2 0 00009
2 99939 097.7532 205.7000 0006678 083.0376  12.0000 14.99917647000000
0 Kepler Plane 5 sat 2
1 99940U          20001.00000000  .00015063  00000-0  14589-2 0 00009
2 99940 097.7532 205.7000 0006678 083.0376  30.0000 14.99917647000000
0 Kepler Plane 5 sat 3
1 99941U          20001.00000000  .00015063  00000-0  14589-2 0 00009
2 99941 097.7532 205.7000 0006678 083.0376  48.0000 14.99917647000000
0 Kepler Plane 5 sat 4
1 99942U          20001.00000000  .00015063  00000-0  14589-2 0 00009
2 99942 097.7532 205.7000 0006678 083.0376  66.0000 14.99917647000000
0 Kepler Plane 5 sat 5
1 99943U          20001.00000000  .00015063  00000-0  14589-2 0 00009
2 99943 097.7532 205.7000 0006678 083.0376  84.0000 14.99917647000000
0 Kepler Plane 5 sat 6
1 99944U          20001.00000000  .00015063  00000-0  14589-2 0 00009
2 99944 097.7532 205.7000 0006678 083.0376 102.0000 14.99917647000000
0 Kepler Plane 5 sat 7
1 99945U          20001.00000000  .00015063  00000-0  14589-2 0 00009
2 99945 097.7532 205.7000 0006678 083.0376 120.0000 14.99917647000000
0 Kepler Plane 5 sat 8
1 99946U          20001.00000000  .00015063  00000-0  14589-2 0 00009
2 99946 097.7532 205.7000 0006678 083.0376 138.0000 14.99917647000000
0 Kepler Plane 5 sat 9
1 99947U          20001.00000000  .00015063  00000-0  14589-2 0 00009
2 99947 097.7532 205.7000 0006678 083.0376 156.0000 14.99917647000000
0 Kepler Plane 5 sat 10
1 99948U          20001.00000000  .00015063  00000-0  14589-2 0 00009
2 99948 097.7532 205.7000 0006678 083.0376 174.0000 14.99917647000000
0 Kepler Plane 5 sat 11
1 99949U          20001.00000000  .00015063  00000-0  14589-2 0 00009
2 99949 097.7532 205.7000 0006678 083.0376 192.0000 14.99917647000000
0 Kepler Plane 5 sat 12
1 99950U          20001.00000000  .00015063  00000-0  14589-2 0 00009
2 99950 097.7532 205.7000 0006678 083.0376 210.0000 14.99917647000000
0 Kepler Plane 5 sat 13
1 99951U          20001.00000000  .00015063  00000-0  14589-2 0 00009
2 99951 097.7532 205.7000 0006678 083.0376 228.0000 14.99917647000000
0 Kepler Plane 5 sat 14
1 99952U          20001.00000000  .00015063  00000-0  14589-2 0 00009
2 99952 097.7532 205.7000 0006678 083.0376 246.0000 14.99917647000000
0 Kepler Plane 5 sat 15
1 99953U          20001.00000000  .00015063  00000-0  14589-2 0 00009
2 99953 097.7532 205.7000 0006678 083.0376 264.0000 14.99917647000000
0 Kepler Plane 5 sat 16
1 99954U          20001.00000000  .00015063  00000-0  14589-2 0 00009
2 99954 097.7532 205.7000 0006678 083.0376 282.0000 14.99917647000000
0 Kepler Plane 5 sat 17
1 99955U          20001.00000000  .00015063  00000-0  14589-2 0 00009
2 99955 097.7532 205.7000 0006678 083.0376 300.0000 14.99917647000000
0 Kepler Plane 5 sat 18
1 99956U          20001.00000000  .00015063  00000-0  14589-2 0 00009
2 99956 097.7532 205.7000 0006678 083.0376 318.0000 14.99917647000000
0 Kepler Plane 5 sat 19
1 99957U          20001.00000000  .00015063  00000-0  14589-2 0 00009
2 99957 097.7532 205.7000 0006678 083.0376 336.0000 14.99917647000000
0 Kepler Plane 5 sat 20
1 99958U          20001.00000000  .00015063  00000-0  14589-2 0 00009
2 99958 097.7532 205.7000 0006678 083.0376 354.0000 14.99917647000000
0 Kepler Plane 6 sat 1
1 99959U          20001.00000000  .00015063  00000-0  14589-2 0 00009
2 99959 097.7532 257.1000 0006678 083.0376  15.0000 14.99917647000000
0 Kepler Plane 6 sat 2
1 99960U          20001.00000000  .00015063  00000-0  14589-2 0 00009
2 99960 097.7532 257.1000 0006678 083.0376  33.0000 14.99917647000000
0 Kepler Plane 6 sat 3
1 99961U          20001.00000000  .00015063  00000-0  14589-2 0 00009
2 99961 097.7532 257.1000 0006678 083.0376  51.0000 14.99917647000000
0 Kepler Plane 6 sat 4
1 99962U          20001.00000000  .00015063  00000-0  14589-2 0 00009
2 99962 097.7532 257.1000 0006678 083.0376  69.0000 14.99917647000000
0 Kepler Plane 6 sat 5
1 99963U          20001.00000000  .00015063  00000-0  14589-2 0 00009
2 99963 097.7532 257.1000 0006678 083.0376  87.0000 14.99917647000000
0 Kepler Plane 6 sat 6
1 99964U          20001.00000000  .00015063  00000-0  14589-2 0 00009
2 99964 097.7532 257.1000 0006678 083.0376 105.0000 14.99917647000000
0 Kepler Plane 6 sat 7
1 99965U          20001.00000000  .00015063  00000-0  14589-2 0 00009
2 99965 097.7532 257.1000 0006678 083.0376 123.0000 14.99917647000000
0 Kepler Plane 6 sat 8
1 99966U          20001.00000000  .00015063  00000-0  14589-2 0 00009
2 99966 097.7532 257.1000 0006678 083.0376 141.0000 14.99917647000000
0 Kepler Plane 6 sat 9
1 99967U          20001.00000000  .00015063  00000-0  14589-2 0 00009
2 99967 097.7532 257.1000 0006678 083.0376 159.0000 14.99917647000000
0 Kepler Plane 6 sat 10
1 99968U          20001.00000000  .00015063  00000-0  14589-2 0 00009
2 99968 097.7532 257.1000 0006678 083.0376 177.0000 14.99917647000000
0 Kepler Plane 6 sat 11
1 99969U          20001.00000000  .00015063  00000-0  14589-2 0 00009
2 99969 097.7532 257.1000 0006678 083.0376 195.0000 14.99917647000000
0 Kepler Plane 6 sat 12
1 99970U          20001.00000000  .00015063  00000-0  14589-2 0 00009
2 99970 097.7532 257.1000 0006678 083.0376 213.0000 14.99917647000000
0 Kepler Plane 6 sat 13
1 99971U          20001.00000000  .00015063  00000-0  14589-2 0 00009
2 99971 097.7532 257.1000 0006678 083.0376 231.0000 14.99917647000000
0 Kepler Plane 6 sat 14
1 99972U          20001.00000000  .00015063  00000-0  14589-2 0 00009
2 99972 097.7532 257.1000 0006678 083.0376 249.0000 14.99917647000000
0 Kepler Plane 6 sat 15
1 99973U          20001.00000000  .00015063  00000-0  14589-2 0 00009
2 99973 097.7532 257.1000 0006678 083.0376 267.0000 14.99917647000000
0 Kepler Plane 6 sat 16
1 99974U          20001.00000000  .00015063  00000-0  14589-2 0 00009
2 99974 097.7532 257.1000 0006678 083.0376 285.0000 14.99917647000000
0 Kepler Plane 6 sat 17
1 99975U          20001.00000000  .00015063  00000-0  14589-2 0 00009
2 99975 097.7532 257.1000 0006678 083.0376 303.0000 14.99917647000000
0 Kepler Plane 6 sat 18
1 99976U          20001.00000000  .00015063  00000-0  14589-2 0 00009
2 99976 097.7532 257.1000 0006678 083.0376 321.0000 14.99917647000000
0 Kepler Plane 6 sat 19
1 99977U          20001.00000000  .00015063  00000-0  14589-2 0 00009
2 99977 097.7532 257.1000 0006678 083.0376 339.0000 14.99917647000000
0 Kepler Plane 6 sat 20
1 99978U          20001.00000000  .00015063  00000-0  14589-2 0 00009
2 99978 097.7532 257.1000 0006678 083.0376 357.0000 14.99917647000000
0 Kepler Plane 7 sat 1
1 99979U          20001.00000000  .00015063  00000-0  14589-2 0 00009
2 99979 097.7532 308.6000 0006678 083.0376  18.0000 14.99917647000000
0 Kepler Plane 7 sat 2
1 99980U          20001.00000000  .00015063  00000-0  14589-2 0 00009
2 99980 097.7532 308.6000 0006678 083.0376  36.0000 14.99917647000000
0 Kepler Plane 7 sat 3
1 99981U          20001.00000000  .00015063  00000-0  14589-2 0 00009
2 99981 097.7532 308.6000 0006678 083.0376  54.0000 14.99917647000000
0 Kepler Plane 7 sat 4
1 99982U          20001.00000000  .00015063  00000-0  14589-2 0 00009
2 99982 097.7532 308.6000 0006678 083.0376  72.0000 14.99917647000000
0 Kepler Plane 7 sat 5
1 99983U          20001.00000000  .00015063  00000-0  14589-2 0 00009
2 99983 097.7532 308.6000 0006678 083.0376  90.0000 14.99917647000000
0 Kepler Plane 7 sat 6
1 99984U          20001.00000000  .00015063  00000-0  14589-2 0 00009
2 99984 097.7532 308.6000 0006678 083.0376 108.0000 14.99917647000000
0 Kepler Plane 7 sat 7
1 99985U          20001.00000000  .00015063  00000-0  14589-2 0 00009
2 99985 097.7532 308.6000 0006678 083.0376 126.0000 14.99917647000000
0 Kepler Plane 7 sat 8
1 99986U          20001.00000000  .00015063  00000-0  14589-2 0 00009
2 99986 097.7532 308.6000 0006678 083.0376 144.0000 14.99917647000000
0 Kepler Plane 7 sat 9
1 99987U          20001.00000000  .00015063  00000-0  14589-2 0 00009
2 99987 097.7532 308.6000 0006678 083.0376 162.0000 14.99917647000000
0 Kepler Plane 7 sat 10
1 99988U          20001.00000000  .00015063  00000-0  14589-2 0 00009
2 99988 097.7532 308.6000 0006678 083.0376 180.0000 14.99917647000000
0 Kepler Plane 7 sat 11
1 99989U          20001.00000000  .00015063  00000-0  14589-2 0 00009
2 99989 097.7532 308.6000 0006678 083.0376 198.0000 14.99917647000000
0 Kepler Plane 7 sat 12
1 99990U          20001.00000000  .00015063  00000-0  14589-2 0 00009
2 99990 097.7532 308.6000 0006678 083.0376 216.0000 14.99917647000000
0 Kepler Plane 7 sat 13
1 99991U          20001.00000000  .00015063  00000-0  14589-2 0 00009
2 99991 097.7532 308.6000 0006678 083.0376 234.0000 14.99917647000000
0 Kepler Plane 7 sat 14
1 99992U          20001.00000000  .00015063  00000-0  14589-2 0 00009
2 99992 097.7532 308.6000 0006678 083.0376 252.0000 14.99917647000000
0 Kepler Plane 7 sat 15
1 99993U          20001.00000000  .00015063  00000-0  14589-2 0 00009
2 99993 097.7532 308.6000 0006678 083.0376 270.0000 14.99917647000000
0 Kepler Plane 7 sat 16
1 99994U          20001.00000000  .00015063  00000-0  14589-2 0 00009
2 99994 097.7532 308.6000 0006678 083.0376 288.0000 14.99917647000000
0 Kepler Plane 7 sat 17
1 99995U          20001.00000000  .00015063  00000-0  14589-2 0 00009
2 99995 097.7532 308.6000 0006678 083.0376 306.0000 14.99917647000000
0 Kepler Plane 7 sat 18
1 99996U          20001.00000000  .00015063  00000-0  14589-2 0 00009
2 99996 097.7532 308.6000 0006678 083.0376 324.0000 14.99917647000000
0 Kepler Plane 7 sat 19
1 99997U          20001.00000000  .00015063  00000-0  14589-2 0 00009
2 99997 097.7532 308.6000 0006678 083.0376 342.0000 14.99917647000000
0 Kepler Plane 7 sat 20
1 99998U          20001.00000000  .00015063  00000-0  14589-2 0 00009
2 99998 097.7532 308.6000 0006678 083.0376 360.0000 14.99917647000000
